num1 <-6
num2 <-3
num1 + num2
num1 - num2
num1 * num2
num1 / num2